19 12 40 25 8
163 54 40 25 11
212 54 40 25 8
250 54 40 25 8
274 54 40 25 9
306 54 40 25 8
347 54 40 25 9
371 54 40 25 13
445 54 40 25 8
251 96 40 25 9
439 96 40 25 8
463 96 40 25 14
177 152 40 25 8
50 194 40 25 9
164 194 40 25 12
194 194 40 25 11
370 194 40 25 9
408 194 40 25 10
442 194 40 25 10
466 194 40 25 10
166 236 40 25 9
314 236 40 25 10
358 236 40 25 12
447 236 40 25 14
260 302 40 25 9
56 344 40 25 8
257 344 40 25 9
437 344 40 25 8
461 344 40 25 10
252 386 40 25 8
315 386 40 25 8
340 386 40 25 9
381 386 40 25 8
409 386 40 25 9
172 444 40 25 8
335 486 40 25 10
380 486 40 25 8
424 486 40 25 12
83 528 40 25 10
165 528 40 25 9
339 528 40 25 10
399 528 40 25 8
445 528 40 25 8
19 575 40 25 9
183 617 40 25 9
404 617 40 25 8
452 617 40 25 8
476 617 40 25 8
402 659 40 25 8
436 659 40 25 10
474 659 40 25 9
178 712 40 25 8
15 754 40 25 10
173 754 40 25 8
460 754 40 25 8
10 796 40 25 12
176 796 40 25 8
290 796 40 25 8
335 796 40 25 8
359 796 40 25 10
400 796 40 25 10
424 796 40 25 19
448 796 40 25 13
472 796 40 25 10
11 849 40 25 10
170 849 40 25 10
477 849 40 25 8
10 891 40 25 14
175 891 40 25 9
10 933 40 25 8
172 933 40 25 8
226 933 40 25 8
250 933 40 25 8
344 933 40 25 8
408 933 40 25 8
432 933 40 25 10
458 933 40 25 8
396 975 40 25 8
420 975 40 25 10
451 975 40 25 10
15 1017 40 25 11
182 1017 40 25 9
443 1017 40 25 9
179 1059 40 25 10
185 1101 40 25 8
408 1101 40 25 9
432 1101 40 25 17
456 1101 40 25 8
149 1143 40 25 8
334 1143 40 25 8
385 1143 40 25 11
411 1143 40 25 8
435 1143 40 25 13
459 1143 40 25 21
149 1185 40 25 8
175 1185 40 25 8
148 1227 40 25 9
174 1227 40 25 9
14 1269 40 25 8
38 1269 40 25 9
62 1269 40 25 8
89 1269 40 25 9
113 1269 40 25 9
181 1269 40 25 8
261 1269 40 25 8
320 1269 40 25 8
354 1269 40 25 8
404 1269 40 25 9
428 1269 40 25 16
